%YAML:1.0
homography: !!opencv-matrix
   rows: 3
   cols: 3
   dt: d
   data: [ 9.9937996006366270e-01, 1.9596194390016874e-02,
       -2.5619936797723760e+01, -1.4043079625598373e-02,
       1.0418195546247440e+00, -2.9321548425696907e+01,
       -1.2653165228336115e-04, 3.2297661649658428e-05, 1. ]
